OUTPUT de ideone para matrices en Python sin numpy

2.25e-07
1.35185185185e-07
1.0234375e-07
8.92e-08
8.00925925926e-08
7.24489795918e-08
6.85546875e-08
6.69410150892e-08
6.345e-08
6.13072877536e-08
5.94328703704e-08
5.83750568958e-08
5.65779883382e-08
5.56e-08
5.5517578125e-08
5.47628740077e-08
5.77417695473e-08
5.70782912961e-08
5.498125e-08
5.41896123529e-08
5.2080202855e-08
5.11753102655e-08
5.08391203704e-08
5.05056e-08
5.01422394174e-08
4.979169842e-08
5.25874635569e-08
5.05022756161e-08
4.93333333333e-08
4.94108959082e-08
4.88876342773e-08
5.05078331525e-08
4.84823427641e-08
4.8284548105e-08
4.99185528121e-08
4.80277574872e-08
4.83461510424e-08
4.84381058346e-08
4.74453125e-08
4.90772043354e-08
4.7994951949e-08
4.77970493164e-08
4.79497323441e-08
4.71478737997e-08
4.78718048821e-08
4.75530470127e-08
4.78361906829e-08
4.75435405316e-08
4.70616e-08