OUTPUT de ideone para matrices en python con numpy

1.43749999999e-07
2.77777777778e-08
1.328125e-08
7.19999999998e-09
4.16666666668e-09
2.76967930027e-09
2.05078124999e-09
1.50891632373e-09
1.3e-09
1.0894064613e-09
8.96990740754e-10
8.64815657717e-10
7.10641399419e-10
6.66666666669e-10
6.10351562497e-10
5.9027071036e-10
5.48696844994e-10
5.10278466248e-10
5.12500000001e-10
4.91307634165e-10
4.74267468068e-10
4.7258979206e-10
4.62962962963e-10
4.448e-10
4.38097405553e-10
4.31844739115e-10
4.28206997084e-10
4.26421747509e-10
4.09259259259e-10
4.11198012822e-10
4.05883789062e-10
4.06266521969e-10
4.82139222471e-10
4.83965014577e-10
4.72608024691e-10
4.40250330681e-10
4.63806677358e-10
3.92791517052e-10
3.8671875e-10
3.9828209109e-10
4.35293164885e-10
4.52790320349e-10
4.45506198347e-10
4.48834019204e-10
4.42796087778e-10
4.40653805034e-10
4.4261791088e-10
4.36467798281e-10
4.32e-10