OUTPUT de ideone para matrices en java

1.034125E-7
3.948888888888889E-8
3.11265625E-8
2.59084E-8
2.3605555555555556E-8
2.223396501457726E-8
2.138828125E-8
2.1664060356652947E-8
2.0522300000000003E-8
2.0451126972201354E-8
1.1592196180555555E-7
2.8455867091488393E-7
1.5306304664723035E-9
1.4686962962962963E-9
1.5391479492187502E-9
1.4391105231019747E-9
1.4541666666666667E-9
1.3977839335180056E-9
1.38244375E-9
1.3884839650145775E-9
1.3560293012772352E-9
1.3562628421139147E-9
1.3569697627314816E-9
1.3334592000000002E-9
1.3416505461993631E-9
1.3330081796474117E-9
1.3457930940233237E-9
1.311197671081225E-9
1.318348148148148E-9
1.3206572454768217E-9
1.3367828369140626E-9
1.3301499846954394E-9
1.2844761347445554E-9
1.3486379008746355E-9
1.3466820987654323E-9
1.3384913035753066E-9
1.336375564951159E-9
1.3385306562821356E-9
1.3262476562500002E-9
1.3253326272108646E-9
1.2756613756613757E-9
1.28317380859547E-9
1.2824027986476334E-9
1.2701141289437589E-9
1.268716610503822E-9
1.2460302630438344E-9
1.232782660590278E-9
1.227825565878163E-9
1.2257960000000002E-9
1.1224276484911536E-9
1.091129238734638E-9
1.0774484977531787E-9
1.1785204872224763E-9
1.0907702479338846E-9
1.0517330425473765E-9
1.0888977985129027E-9
1.0666940013940713E-9
1.0859374619605704E-9
1.065004861111111E-9
1.0339759715570908E-9
1.0341002735725556E-9
1.0150483709062695E-9
1.0075716018676758E-9
1.0008094674556215E-9
1.0094343921306731E-9
1.0078593444007409E-9
8.758529666191736E-10
8.756528740460688E-10
8.693013119533528E-10
8.869950909583669E-10
9.13433293681413E-10
9.275005976602564E-10
9.123337956290841E-10
9.300336592592593E-10
8.952705842688439E-10
8.664966168929741E-10
8.666890035233233E-10
8.660284480538051E-10
8.6819287109375E-10
8.683394770068549E-10
8.63156186068107E-10
8.680876795030317E-10
8.631658466958212E-10
8.619067779360878E-10
8.7406611996428E-10
9.166148825441949E-10
9.067646212903832E-10
8.719803991381182E-10
8.641532235939644E-10
8.764351998683602E-10
8.681270932645682E-10
8.604759453824609E-10
8.606550932837618E-10
8.601010059775479E-10
8.891964382595486E-10
9.117779862009723E-10
8.68840364133992E-10
8.669991415017432E-10
8.699646500000001E-10