OUTPUT de computador local para las matrices en c++


0.000000e+000
0.000000e+000
0.000000e+000
0.000000e+000
0.000000e+000
0.000000e+000
0.000000e+000
0.000000e+000
0.000000e+000
0.000000e+000
2.893519e-008
0.000000e+000
0.000000e+000
1.481481e-008
0.000000e+000
0.000000e+000
8.573388e-009
0.000000e+000
6.250000e-009
0.000000e+000
0.000000e+000
4.109476e-009
3.616898e-009
3.200000e-009
2.844788e-009
2.540263e-009
2.277697e-009
2.050105e-009
3.703704e-009
3.356718e-009
3.051758e-009
2.782647e-009
2.544270e-009
3.498542e-009
3.215021e-009
2.961325e-009
2.733635e-009
2.528701e-009
3.125000e-009
2.901873e-009
3.374366e-009
3.144377e-009
3.521788e-009
3.840878e-009
3.082107e-009
2.889533e-009
3.164786e-009
2.974951e-009
3.200000e-009
3.015431e-009
2.489190e-009
2.350934e-009
2.540263e-009
2.704733e-009
2.847121e-009
2.699886e-009
2.562631e-009
2.677976e-009
2.546296e-009
2.863676e-009
2.937129e-009
3.399361e-009
2.479553e-009
2.548930e-009
2.608732e-009
2.493658e-009
2.544270e-009
2.739651e-009
2.623907e-009
2.514592e-009
2.545225e-009
2.570582e-009
2.714548e-009
2.607407e-009
2.505832e-009
3.504675e-009
2.634063e-009
2.636708e-009
2.441406e-009
2.446179e-009
2.539139e-009
2.535909e-009
2.530774e-009
2.605333e-009
2.672721e-009
2.733473e-009
2.567971e-009
2.482379e-009
2.537723e-009
2.587679e-009
2.568423e-009
2.735104e-009
2.949732e-009
2.565972e-009
2.599646e-009
2.793991e-009
2.974951e-009
2.731117e-009
2.600000e-009