OUTPUT de un pc local para multiplicacion de matrices en java

7.791875E-8
2.052222222222222E-8
2.445859375E-8
1.52932E-8
1.5712500000000003E-8
1.344868804664723E-8
1.293291015625E-8
1.2598628257887517E-8
1.2453650000000001E-8
1.2218745304282498E-8
3.0062789351851846E-9
1.6646108329540285E-9
1.7972303206997083E-9
1.6007703703703706E-9
1.59632568359375E-9
1.5648890698147777E-9
1.5772119341563788E-9
1.530893716285173E-9
1.522075E-9
1.522745923766332E-9
1.5806865138993236E-9
1.5006164214679051E-9
1.5121455439814817E-9
1.4929984E-9
1.4896307464724624E-9
1.4772646446171823E-9
1.4722394314868803E-9
1.469968018368937E-9
1.561261111111111E-9
1.2275939041992547E-9
5.366432189941406E-9
1.2419957147229872E-9
1.240631996743334E-9
1.235197667638484E-9
1.2206114969135803E-9
1.1215574595779125E-9
7.581270957865579E-10
7.370218648325157E-10
7.424226562500001E-10
7.322260269003643E-10
7.43796566245546E-10
7.793471015130743E-10
7.76194473140496E-10
7.458085048010975E-10
8.631662488698939E-10
7.371839573119637E-10
7.382844147858797E-10
7.306186197927734E-10
7.30208E-10
7.398888813503103E-10
7.720076382567138E-10
7.254065436568443E-10
7.559632677945436E-10
7.317938392186327E-10
7.387216996173469E-10
7.958173365083995E-10
7.276702611833204E-10
8.175599744861938E-10
8.390555555555555E-10
7.285224313929361E-10
7.254567235070995E-10
7.329518050606487E-10
7.306766510009766E-10
7.664242148384159E-10
7.276308192113977E-10
7.404414771763815E-10
7.698438772135153E-10
7.433915052555638E-10
7.503524781341108E-10
7.588804199926797E-10
7.471082229509603E-10
7.170374302408378E-10
7.22203028448463E-10
7.481736296296297E-10
7.506158651042428E-10
7.197163184260503E-10
7.270675289536238E-10
7.320323544384926E-10
7.298686523437501E-10
7.277495526314304E-10
7.37702405652849E-10
7.496858970210936E-10
7.558097296458265E-10
7.288602483207816E-10
7.418647100255324E-10
7.498562648917318E-10
7.375311091284748E-10
7.341905814298218E-10
7.442500000000001E-10
7.643959228791979E-10
7.551815361222982E-10
7.397791030599597E-10
7.33081061036572E-10
7.257494678524565E-10
7.356693974247685E-10
7.411695645647456E-10
7.53726391639538E-10
7.237778251858449E-10
7.4126265E-10